3.09973390785004	4.24508448559093	2.4540150666212	-3.72650619223483	13	11	2.33333333333333	2.22222222222222	12	10	2.61625	4.9745
2.35776346092487	1.27745325152183	2.08189983343402	-0.864129240189714	13	11	4.61111111111111	2.77777777777778	14	10	-0.0605	-2.414
1.8984226442653	2.94690434214624	0.877564159562513	-0.498869883274319	22	17	4.5	3.27777777777778	47	20	-0.48725	7.40125
2.97834472291817	3.65544120651851	-8.16845924440527	4.3441270047421	10	19	2.33333333333333	1.5	13	13.3333333333333	3.371	2.09075
1.69378000243178	2.86760389181746	0.328197070628158	-0.814931670759022	24	10	4.5	4.5	22	18.8888888888889	2.8105	0.11625
5.10545563315059	1.19329439954654	2.01624147822128	-7.65260498734341	20	17	5.11111111111111	4.16666666666667	30	13	2.914	-0.3535
1.91970302403017	2.35786401428919	2.37524795192339	-2.34177780034456	14	13	3.88888888888889	2.55555555555556	13	20	1.07325	2.957
3.24170430540858	4.78206069419013	-2.15984203381935	1.5250331621494	11	13	2.5	2.55555555555556	22	15	6.31525	-0.3105
4.14985856258506	2.0652128787988	-0.410598543495628	-0.21070149586009	14	10	3.5	1.72222222222222	23	10	2.707	0.57325
3.90676536810067	2.83024561076737	1.58123088257431	-9.29822961832234	12	10	2.72222222222222	1.16666666666667	12	10	4.164	0.6035
3.72607251496979	2.33198291896972	0.435489048214013	0.742585329818059	12	10	4	1.66666666666667	12	10	1.78025	1.28025
2.92687158292651	3.49721276599469	1.52139118987564	-2.55249880290597	10	14	3.11111111111111	2.55555555555556	11	13	1.5175	4.164
3.50019576971233	3.14270161826555	-3.70096305935033	4.19786866893499	34	23	3.27777777777778	2.83333333333333	38	23	-3.621	-0.88375
3.61388635396203	4.80483664918107	0.420424825360536	-8.75557766649701	29	20	2.5	2.88888888888889	24	17	7.7675	1.42675
2.98408648925562	2.75496888800903	0.288121430813097	-1.87839812053169	16	12	3.38888888888889	3.61111111111111	22	12	5.19425	-1.84075
3.04185471321485	3.87567138433845	-3.57373414999441	6.45276364047436	13	12	2.83333333333333	2.88888888888889	10	10	7.41875	3.28025
3.99918171453903	1.29925756735521	-3.88219503674504	2.00550942832988	22	15	2.88888888888889	4.11111111111111	25	22	-3.66875	-2.09075
2.67230304466921	1.5589394717106	-0.947777326732095	0.779000487106113	17	12.2222222222222	5	2.33333333333333	19	15	4.28025	1.414
5.00098805097329	1.56113329003207	2.42799424242155	-3.25115431914803	11	26	3.33333333333333	1.94444444444444	10	21	-0.71975	-2.164
3.12064242499434	1.68781422937902	2.82916390602647	-1.24979078240166	13	14	4.16666666666667	4.22222222222222	11	27	-3.621	7.1815
1.85399738117366	3.92724640421604	-1.27014807499565	-0.201549875804443	17	11	3.22222222222222	2.44444444444444	22	13	4.2675	4.23725
1.65421427051447	4.76534091475485	2.93345853121071	-2.68102635979926	10	12	.	2.33333333333333	11.1111111111111	10	-2.23725	1.457
2.68676429569172	2.83363578884768	4.30190343483266	-2.59103125511472	10	11	3.77777777777778	1.38888888888889	10	10	-1.88375	2.1035
2.60061705963201	4.05771800400472	-2.36300645676874	2.87900233279344	14	12	3.38888888888889	1.66666666666667	21	12	0.3965	2.23725
1.70576148261801	0.934130608509343	0.216509165674398	-0.712669199921557	26	10	5.55555555555556	1.22222222222222	29	10	-1.44425	1.28025
1.53934245836788	1.16412079480294	-0.640864658190933	0.614625100045565	13	10	5.83333333333333	1.94444444444444	29	19	-1.871	2.73725
4.03658224720812	2.68583529015411	1.29732881514383	-5.16111335634757	10	10	5.33333333333333	2.72222222222222	12	10	3.207	8.285
1.12038443777362	4.9300112289619	3.30407377882303	-5.78463769196584	14	11	2.55555555555556	1.83333333333333	20	13	3.07325	-0.07325
4.38450236773975	1.90677024814149	-1.56887188983572	0.558772551304649	24	10	4.72222222222222	.	10	10	6.65125	4.6815
1.73263052735527	2.16888194261306	-3.56930081614021	3.18629384399093	10	14	2.94444444444444	4	10	13	2.73725	3.0605
3.04465657198169	2.10289463736106	0.409531616363818	0.0458575616834804	21	11	4	2.66666666666667	11	10	-3.871	0.25
3.59217787204305	2.12305726094378	-1.78571576031857	7.93655099762526	15	16	5.72222222222222	3.83333333333333	25	25	2.07325	1.3965
2.4333554784198	3.53675449124522	3.86358410142649	-6.59214813620381	16	10	3.94444444444444	3	14	12	2.3105	1.914
4.15922839684878	3.81087789876329	2.93625439726174	-2.88519117155812	14	10	3.61111111111111	1.16666666666667	12	10	2.0605	0.6035
0.745031183365315	1.65229466960379	-0.474037287807418	0.383869760860814	15	15	4.44444444444444	.	28	25	2.03025	0.3535
5.60958129348364	2.23030759196572	4.30010874278249	-0.980867750699603	.	.	3.05555555555556	4.83333333333333	.	.	.	.
1.99767699643275	1.09117696332115	5.79676121664181	-0.949374342401788	17	11	1.44444444444444	2.66666666666667	16	16	0.78025	3.0605
2.024943450837	4.51691195167252	3.42889450772518	-3.9072155637312	10	16	4.5	4.83333333333333	11.1111111111111	10	3.1035	-2.371
2.61379248699025	3.67641343060107	-2.21415371787349	5.60052138768666	18	12	2.72222222222222	1.44444444444444	22	11	1.457	2.67675
2.19677742763366	2.5642972189898	-0.140999899787587	-1.5010959914529	.	.	1.88888888888889	3.44444444444444	.	.	.	.
2.96884787223843	6.61209339118527	3.16185984836788	-11.6491142250292	39	26	.	3.83333333333333	30	22	-1.164	2.03025
1.44999297248105	5.35688094981155	-1.721949509575	7.21345412776855	10	10	2.61111111111111	3.61111111111111	16	11	1.957	-2.34075
3.18205473932813	3.20225734489593	-7.80414506802033	6.93743427553459	19	16	3.94444444444444	3.94444444444444	36	22	4.88375	0.36625
3.36264622898962	1.65568750318686	-3.60177937898683	6.19576631694329	11	10	2.94444444444444	1	14	12	-3.65125	1.0605
1.74608824269089	3.50660110295457	-0.328749697289663	1.55901362890269	23	12	2.38888888888889	5.38888888888889	20	24	3.03025	0.1465
3.34037447069191	1.04227392565704	1.60556882193352	-0.860519761558695	22	14	5.55555555555556	3	27	21	-0.707	3.8105
4.16661875432424	2.98962974982438	-2.64147172183635	2.59377613092587	16	10	4.16666666666667	2	22	13	4.40125	-1.03025
1.74685119245207	5.40321292287512	-5.03298372725119	2.26717755512839	31	13	4.22222222222222	3	33	10	-1.67675	1.42675
1.4127990458373	1.55169031549242	-1.06221749975152	1.28904309353111	11	11	4.88888888888889	1.27777777777778	14	10	0.42675	2.28025
2.66480647309489	2.74937605293796	-2.24124274851694	4.46017871690168	15	12	2.16666666666667	1.94444444444444	17	11	2.59075	0
3.68842906701085	2.71130839848039	-6.99655439558265	6.90323468817657	20	15	3.83333333333333	4.66666666666667	25	19	2.914	-2.371
3.40596742523132	1.64506787749809	-5.20107748146892	1.35329260835182	21	17	2.94444444444444	3.44444444444444	25	20	7.46175	-1.207
2.45281051789479	2.41178449202214	2.39389733855311	-0.530806041199769	10	10	1.77777777777778	2.22222222222222	14.4444444444444	13	-1.957	-1.57325
1.80305465692767	1.81651292068214	-1.36342722561415	0.807233100936306	.	.	2.38888888888889	4.5	.	.	.	.
5.14374447400405	2.43888428732789	-0.324129126375683	-0.829446413944524	18	12.2222222222222	.	2.88888888888889	22	13	-1.28025	-0.53025
5.03188540441005	1.56697959666814	-2.73702281519515	4.53736486819259	28	13	4.88888888888889	4.05555555555556	26	10	0.07325	2.164
2.04276885009159	5.54041481657463	1.13393064170779	-1.64580355964451	12	25	2	2.38888888888889	10	14.4444444444444	-0.67675	-1.94425
3.30755196048063	1.19080165464339	-2.83582965798238	0.819302836718121	.	.	3.88888888888889	4.5	.	.	.	.
4.73687746832123	2.92126880529653	-2.64793508829724	3.19996640687077	11	10	1.22222222222222	2.5	11	10	0.92675	2.28025
2.37326024482642	4.79469171286176	-5.97543716410906	1.29600011710591	25	10	5.38888888888889	4.83333333333333	26	10	1.88375	0.1465
1.59028853286105	3.32101054589295	-0.914610758038708	0.643858592765191	13	18	4.11111111111111	6	10	30	-2.44425	6.79775
2.78345348061166	3.47403442033144	2.71828290516282	-3.07158270826552	12	20	5.11111111111111	2.94444444444444	24	23	0.707	-3.75475
1.86097433961079	1.89677524906807	-0.791866278974848	0.297620162712667	25	31	2.77777777777778	2.22222222222222	19	23	6.535	4.78025
2.80578256691972	2.72441567927338	-6.95016655547887	5.84962018922493	16	15	6	1.88888888888889	27	10	1.42675	3.59075
4.45485516964701	5.46403266304208	1.5622072720669	-1.61066340538545	18	14	4.77777777777778	2	17	14	-0.78025	5.6815
2.10917839886834	4.26096753450084	-1.2195618533727	1.24229947772983	23	15	2.33333333333333	3.94444444444444	15	13	2.98725	3.871
2.98320401738251	4.15544470653029	0.311352913484221	-2.69098434329465	.	.	4.16666666666667	4.11111111111111	.	.	.	.
3.99197493823108	3.46949628169395	-3.27651447343565	1.84304902109155	16	10	2.33333333333333	2.22222222222222	12	10	7.8455	-1.13375
3.23634028780444	1.3344107747914	-0.94157206945434	1.28675890266227	13	13	3.44444444444444	2.77777777777778	14	24	2.2675	0.07325
2.47682703191482	3.21302541624545	-3.60311396620035	3.28940824304447	22	12	5.16666666666667	1.83333333333333	25	14	5.164	-2.7675
3.99249215277279	1.6090268223954	2.70009742865901	-0.410243493497542	13	14	2.83333333333333	4.33333333333333	10	11	2.6035	1.6035
1.54240215796259	2.96837158767925	1.49912039978766	-3.30136406564922	10	10	2.94444444444444	2.66666666666667	10	10	-0.1035	0.17675
1.88509334385783	2.86328687100441	-2.08107752310725	3.05362335760045	13	12	1.88888888888889	2.94444444444444	10	10	0.8535	0.42675
5.22201988816431	2.20833841610035	2.530249897739	-0.659442726308928	21	14	2.33333333333333	1.5	13	17	4.164	2.457
2.59431237671371	3.99934848124017	0.0309376419444936	-0.01929849941969	19	13	3.94444444444444	3.44444444444444	20	14	-5.4745	0.75
3.61287406328134	3.01703374436648	1.80826138982957	-1.34806072621091	15	17	5.55555555555556	4.05555555555556	20	16	3.50182142857143	-0.61625
4.06429106471129	4.03322275032205	6.93762610133345	-6.27547545041473	18	12	5.27777777777778	2.77777777777778	19	10	0.75	1.0605
2.38941806495122	2.63166404529927	0.852927518941073	-0.90051802699522	17	13	4	5	19	10	0.26275	2.5175
1.87261801972027	4.31700425217182	-0.102425670841324	0.0877123679587251	.	.	5.55555555555556	.	.	.	.	.
2.2385120682672	1.57471396409549	-2.46687271609457	6.52540977265547	11	10	3.72222222222222	3.11111111111111	13	10	-1.23725	-2.7675
3.64599917818087	2.57142119074306	4.86517787835539	-0.735304932342471	10	20	2.94444444444444	1.94444444444444	10	24	-6.16875	0.01275
3.00733605504534	0.908502989405589	1.16122835986259	-0.919249637790799	14	10	3.61111111111111	5.11111111111111	18	10	-0.07325	1.23725
3.52194486713045	1.20000543655482	3.60259731861142	-5.38303176000324	12	11	1.72222222222222	1	11	10	3.34075	-0.63375
3.37979384444478	1.45738525424648	2.01738672520359	-0.929023250842268	13	11	2.44444444444444	2.33333333333333	11	10	0.36625	1.5605
5.88068436705922	4.98499773259682	1.07432838203502	-3.25839803410825	12	13	2.55555555555556	4	11	11	-0.6035	-4.94425
3.77295620443744	1.88666464789924	0.849119229801047	-2.72513454167175	18	19	3.27777777777778	4.5	25	12	-1.19425	0.543
3.05711515292078	2.49804467915342	-5.28642886577065	4.88105803874746	12	11	3.38888888888889	1.83333333333333	10	10	8.2245	-1.414
2.48491957831859	3.27949530241136	-0.755919160972825	6.40370265695366	11	10	1.22222222222222	1.88888888888889	10	11	1.1035	4.04775
