    30.997    24.540    42.451   -37.265     3.944     4.371     1.778     2.389     3.591     3.371     0.121  1
    23.578    20.819    12.775    -8.641     0.677     3.164     4.056     3.000    -0.810     3.061     0.288  2
    18.984     8.776    29.469    -4.989     1.457     0.323     3.333     2.167     4.974     0.103     0.354  3
    29.783   -81.685    36.554    43.441     3.018     3.871     1.833     1.056     4.371     5.651     0.581  4
    16.938     3.282    28.676    -8.149    -0.810     3.268     3.222     3.333    -1.207     4.724     0.466  5
    51.055    20.162    11.933   -76.526    -2.561     0.854     3.611     2.222    -0.134     0.353     0.744  6
    19.197    23.752    23.579   -23.418     3.768     2.134     2.222     2.722     3.571     1.427     0.125  7
    32.417   -21.598    47.821    15.250     4.548     4.871     1.389     3.833     4.694     4.371     0.207  8
    41.499    -4.106    20.652    -2.107     0.502     1.810     3.889     1.833     1.457     2.311     0.168  9
    39.068    15.812    28.302   -92.982     4.651     2.664     1.278     1.167     5.474     3.414     0.601 10
    37.261     4.355    23.320     7.426     3.375     4.444     3.944     2.556     4.474     5.224     0.168 11
    29.269    15.214    34.972   -25.525     1.884     3.164     3.000     1.500     1.147     1.634     0.209 12
    35.002   -37.010    31.427    41.979     0.177     1.707     2.944     3.167     2.768     1.250     0.205 13
    36.139     4.204    48.048   -87.556     5.785     1.147     1.556     1.389     5.505     2.134     0.646 14
    29.841     2.881    27.550   -18.784     1.603     5.298     4.500     3.889     2.530     4.694     0.377 15
    30.419   -35.737    38.757    64.528     4.518     2.384     3.222     2.222     4.944     2.957     0.308 16
    39.992   -38.822    12.993    20.055     4.518     3.298     1.611     4.000     4.194     2.737     0.293 17
    26.723    -9.478    15.589     7.790    -1.414     0.896     1.222     4.167     0.543     0.866     0.648 18
    50.010    24.280    15.611   -32.512     3.518     4.974     2.000     2.556     2.561     3.518     0.227 19
    31.206    28.292    16.878   -12.498     1.207    -0.646     2.444     2.722     1.397     2.207     0.344 20
    18.540   -12.701    39.272    -2.015     1.780     4.518     2.000     2.667     1.384     5.048     0.183 21
    16.542    29.335    47.653   -26.810     0.884     1.884     3.167     1.167     0.457     2.311     0.326 22
    26.868    43.019    28.336   -25.910     4.871     5.298     3.833     1.778     4.621     4.768     0.201 23
    26.006   -23.630    40.577    28.790     3.268     3.737     1.833     2.333     6.181     4.341     0.256 24
    17.058     2.165     9.341    -7.127     0.823     2.311     3.556     1.444     0.500     3.944     0.336 25
    15.393    -6.409    11.641     6.146    -2.487    -1.884     2.778     2.000     1.530     0.470     0.354 26
    40.366    12.973    26.858   -51.611     4.194     3.414     2.833     1.944     3.944     3.016     0.151 27
    11.204    33.041    49.300   -57.846    -0.177    -0.073     3.000     3.167     2.987     1.707     0.520 28
    43.845   -15.689    19.068     5.588     5.121     3.664     4.222     3.167     0.280     2.884     0.882 29
    17.326   -35.693    21.689    31.863     1.707     4.121     3.056     2.167     1.810     2.914     0.233 30
    30.447     4.095    21.029     0.459     3.311     4.871     4.111     1.500     2.707     3.311     0.191 31
    35.922   -17.857    21.231    79.366     2.841     0.927     1.944     4.500     4.974     2.134     0.558 32
    24.334    38.636    35.368   -65.921     1.853     2.237     2.500     1.556     1.603     4.194     0.366 33
    41.592    29.363    38.109   -28.852     1.457     3.914     2.167     2.556     4.298     1.500     0.617 34
     7.450    -4.740    16.523     3.839    -0.353    -1.884     2.889     3.556     3.280    -2.164     0.655 35
    56.096    43.001    22.303    -9.809     4.237     1.353     3.111     2.667     2.280     0.397     0.586 36
    19.977    57.968    10.912    -9.494     2.957     2.634     1.389     1.889     2.987     2.957     0.451 37
    20.249    34.289    45.169   -39.072     2.871     1.957     3.833     3.556    -0.073    -2.414     0.559 38
    26.138   -22.142    36.764    56.005    -0.427     2.134     2.000     1.500     2.634     5.255     0.322 39
    21.968    -1.410    25.643   -15.011     4.194     5.828     1.722     3.056     4.621     5.651     0.208 40
    29.688    31.619    66.121  -116.491     1.635     0.957     3.722     2.833     0.207    -1.397     0.911 41
    14.500   -17.219    53.569    72.135     6.108     6.181     2.056     5.667     6.358     6.005     0.912 42
    31.821   -78.041    32.023    69.374     2.987     3.207     3.056     1.556     4.798     2.634     0.313 43
    33.626   -36.018    16.557    61.958     2.237     3.268     4.056     1.778     4.018     3.268     0.149 44
    17.461    -3.287    35.066    15.590     0.750    -0.323     2.000     3.000     3.841     1.780     0.174 45
    33.404    16.056    10.423    -8.605     0.177     3.487     3.722     1.944     4.944     6.005     0.433 46
    41.666   -26.415    29.896    25.938     0.073     1.103     2.111     3.500     1.030     3.237     0.263 47
    17.469   -50.330    54.032    22.672    -2.811    -2.030     2.111     1.500     2.987     4.341     0.932 48
    14.128   -10.622    15.517    12.890     4.474     4.268     3.111     1.556     5.328     2.250     0.326 49
    26.648   -22.412    27.494    44.602     4.091     5.048     2.056     1.667     4.944     4.268     0.130 50
    36.884   -69.966    27.113    69.032    -2.207    -0.677     3.056     3.778     0.854     0.103     0.409 51
    34.060   -52.011    16.451    13.533    -0.560     1.957     1.944     2.500    -0.737     2.987     0.541 52
    24.528    23.939    24.118    -5.308     3.562     4.444     2.222     3.000     5.401     5.048     0.143 53
    18.031   -13.634    18.165     8.072     4.518     4.944     2.333     3.222     6.181     4.694     0.233 54
    51.437    -3.241    24.389    -8.294     0.323     5.474     3.944     1.889     1.457     4.901     0.319 55
    50.319   -27.370    15.670    45.374     1.207     4.194     4.167     4.000     0.573     3.414     0.390 56
    20.428    11.339    55.404   -16.458     4.694     5.328     2.222     2.722     4.518     4.018     0.303 57
    33.076   -28.358    11.908     8.193     4.328     2.914     2.278     3.722     4.931     2.884     0.254 58
    47.369   -26.479    29.213    32.000     6.108     5.048     2.000     2.722     5.931     5.401     0.421 59
    23.733   -59.754    47.947    12.960    -2.768     1.707     3.611     4.111    -2.061     1.603     0.583 60
    15.903    -9.146    33.210     6.439    -3.134    -1.530     3.667     2.167     1.987     0.780     0.449 61
    27.835    27.183    34.740   -30.716     1.677    -2.914     3.222     2.278     4.871     0.896     0.737 62
    18.610    -7.919    18.968     2.976     2.603     0.000     2.111     1.389     2.780     4.518     0.587 63
    28.058   -69.502    27.244    58.496    -1.384     0.793     5.444     4.167     0.323    -1.518     0.800 64
    44.549    15.622    54.640   -16.107     0.823     4.444     3.389     1.500     2.353     4.621     0.631 65
    21.092   -12.196    42.610    12.423     3.974     4.194     3.778     2.278     5.931     2.768     0.266 66
    29.832     3.114    41.554   -26.910    -1.457    -0.397     2.500     2.667     2.561     3.268     0.277 67
    39.920   -32.765    34.695    18.430     1.500     5.931     3.611     2.944     2.030     5.931     0.313 68
    32.363    -9.416    13.344    12.868     1.384     4.164     3.000     2.000     5.121     4.268     0.257 69
    24.768   -36.031    32.130    32.894     2.177     1.280     2.167     1.556     2.634     4.768     0.322 70
    39.925    27.001    16.090    -4.102     3.591     1.780     2.944     2.222     0.793     0.323     0.355 71
    15.424    14.991    29.684   -33.014     4.444     6.358     2.500     1.611     5.328     6.181     0.428 72
    18.851   -20.811    28.633    30.536     4.798     4.121     1.111     2.222     4.268     5.048     0.293 73
    52.220    25.302    22.083    -6.594     3.664     5.078     1.667     1.167     3.487     5.401     0.269 74
    25.943     0.309    39.993    -0.193     2.207     1.780     4.167     2.500     0.397     2.457     0.206 75
    36.129    18.083    30.170   -13.481    -0.264     2.664     2.500     3.611     2.457     4.694     0.319 76
    40.643    69.376    40.332   -62.755     4.121     4.444     2.778     3.722     2.987     3.341     0.322 77
    23.894     8.529    26.317    -9.005     6.005     2.634     2.389     2.278     4.768     1.634     0.244 78
    18.726    -1.024    43.170     0.877     5.578     4.194     4.500         *     4.194     2.884     0.514 79
    22.385   -24.669    15.747    65.254     0.677     3.268     3.056     2.000     3.311     4.298     0.310 80
    36.460    48.652    25.714    -7.353     4.768     0.720     2.333     1.722     5.298     3.737     0.425 81
    30.073    11.612     9.085    -9.192     1.853     3.018     3.500     2.722     3.061     2.353     0.175 82
    35.219    36.026    12.000   -53.830     1.853     4.621     1.389     2.500     4.694     4.694     0.402 83
    33.798    20.174    14.574    -9.290     4.444     5.298     3.000     1.000     4.518     4.768     0.273 84
    58.807    10.743    49.850   -32.584     3.164     5.224     3.500     4.056     1.310     3.341     0.606 85
    37.730     8.491    18.867   -27.251    -0.280     1.530     2.611     3.500     1.780     1.177     0.146 86
    30.571   -52.864    24.980    48.811     3.341     4.651     1.500     1.889     3.914     3.341     0.207 87
    24.849    -7.559    32.795    64.037     4.871     3.694     1.000     1.389     5.224     3.518     0.395 88
    34.414    15.268    28.801    -1.556     3.591     5.769     2.000     1.722     2.914     5.828     0.198 89
    54.398     5.500    27.343   -36.657     3.341     4.341     2.778     5.222     3.694     3.737     0.571 90
    24.152   -24.181    19.563    15.302     4.121     1.707     1.611     1.389     3.091     0.000     0.445 91
    36.326    18.012    20.403   -13.249     1.957     2.737     4.556     3.000     0.030    -0.677     0.307 92
    57.459    10.383    32.269    -4.931     3.371     3.914     2.056     1.056     3.768     4.341     0.318 93
    56.901   -69.554    16.860    75.425     1.384     3.194     1.278     2.167     3.944     3.798     0.565 94
    27.065    -9.572    31.737    27.010     5.298     5.121     2.722     1.667     5.474     5.121     0.148 95
    21.920    54.143    40.625   -52.508         *         *     2.778     4.389         *         *     0.207 96
    20.840     5.012    22.764    -0.982     5.121     1.353     2.667     1.944     5.401     1.884     0.265 97
    30.388    80.417    12.755   -30.787         *     4.371     1.889     2.000     5.224     4.944     0.449 98
    29.949    51.804    33.676   -18.028         *         *     2.667     4.556     1.207    -0.073     0.489 99
