    30.997    24.540    42.451   -37.265     3.591     3.371     3.944     4.371     1.778     2.389     2.616     4.974     0.184  1
    23.578    20.819    12.775    -8.641    -0.810     3.061     0.677     3.164     4.056     3.000    -0.060    -2.414     0.328  2
    18.984     8.776    29.469    -4.989     4.974     0.103     1.457     0.323     3.333     2.167    -0.487     7.401     0.469  3
    29.783   -81.685    36.554    43.441     4.371     5.651     3.018     3.871     1.833     1.056     3.371     2.091     0.644  4
    16.938     3.282    28.676    -8.149    -1.207     4.724    -0.810     3.268     3.222     3.333     2.811     0.116     0.441  5
    51.055    20.162    11.933   -76.526    -0.134     0.353    -2.561     0.854     3.611     2.222     2.914    -0.353     0.748  6
    19.197    23.752    23.579   -23.418     3.571     1.427     3.768     2.134     2.222     2.722     1.073     2.957     0.139  7
    32.417   -21.598    47.821    15.250     4.694     4.371     4.548     4.871     1.389     3.833     6.315    -0.310     0.290  8
    41.499    -4.106    20.652    -2.107     1.457     2.311     0.502     1.810     3.889     1.833     2.707     0.573     0.209  9
    39.068    15.812    28.302   -92.982     5.474     3.414     4.651     2.664     1.278     1.167     4.164     0.604     0.644 10
    37.261     4.355    23.320     7.426     4.474     5.224     3.375     4.444     3.944     2.556     1.780     1.280     0.214 11
    29.269    15.214    34.972   -25.525     1.147     1.634     1.884     3.164     3.000     1.500     1.518     4.164     0.178 12
    35.002   -37.010    31.427    41.979     2.768     1.250     0.177     1.707     2.944     3.167    -3.621    -0.884     0.275 13
    36.139     4.204    48.048   -87.556     5.505     2.134     5.785     1.147     1.556     1.389     7.768     1.427     0.686 14
    29.841     2.881    27.550   -18.784     2.530     4.694     1.603     5.298     4.500     3.889     5.194    -1.841     0.436 15
    30.419   -35.737    38.757    64.528     4.944     2.957     4.518     2.384     3.222     2.222     7.419     3.280     0.604 16
    39.992   -38.822    12.993    20.055     4.194     2.737     4.518     3.298     1.611     4.000    -3.669    -2.091     0.503 17
    26.723    -9.478    15.589     7.790     0.543     0.866    -1.414     0.896     1.222     4.167     4.280     1.414     0.663 18
    50.010    24.280    15.611   -32.512     2.561     3.518     3.518     4.974     2.000     2.556    -0.720    -2.164     0.254 19
    31.206    28.292    16.878   -12.498     1.397     2.207     1.207    -0.646     2.444     2.722    -3.621     7.181     0.663 20
    18.540   -12.701    39.272    -2.015     1.384     5.048     1.780     4.518     2.000     2.667     4.268     4.237     0.273 21
    16.542    29.335    47.653   -26.810     0.457     2.311     0.884     1.884     3.167     1.167    -2.237     1.457     0.326 22
    26.868    43.019    28.336   -25.910     4.621     4.768     4.871     5.298     3.833     1.778    -1.884     2.103     0.212 23
    26.006   -23.630    40.577    28.790     6.181     4.341     3.268     3.737     1.833     2.333     0.397     2.237     0.260 24
    17.058     2.165     9.341    -7.127     0.500     3.944     0.823     2.311     3.556     1.444    -1.444     1.280     0.377 25
    15.393    -6.409    11.641     6.146     1.530     0.470    -2.487    -1.884     2.778     2.000    -1.871     2.737     0.371 26
    40.366    12.973    26.858   -51.611     3.944     3.016     4.194     3.414     2.833     1.944     3.207     8.285     0.411 27
    11.204    33.041    49.300   -57.846     2.987     1.707    -0.177    -0.073     3.000     3.167     3.073    -0.073     0.549 28
    43.845   -15.689    19.068     5.588     0.280     2.884     5.121     3.664     4.222     3.167     6.651     4.681     0.893 29
    17.326   -35.693    21.689    31.863     1.810     2.914     1.707     4.121     3.056     2.167     2.737     3.061     0.286 30
    30.447     4.095    21.029     0.459     2.707     3.311     3.311     4.871     4.111     1.500    -3.871     0.250     0.201 31
    35.922   -17.857    21.231    79.366     4.974     2.134     2.841     0.927     1.944     4.500     2.073     1.397     0.594 32
    24.334    38.636    35.368   -65.921     1.603     4.194     1.853     2.237     2.500     1.556     2.311     1.914     0.397 33
    41.592    29.363    38.109   -28.852     4.298     1.500     1.457     3.914     2.167     2.556     2.061     0.604     0.671 34
     7.450    -4.740    16.523     3.839     3.280    -2.164    -0.353    -1.884     2.889     3.556     2.030     0.353     0.685 35
    56.096    43.001    22.303    -9.809     2.280     0.397     4.237     1.353     3.111     2.667    -1.103     1.060     0.579 36
    19.977    57.968    10.912    -9.494     2.987     2.957     2.957     2.634     1.389     1.889     0.780     3.061     0.513 37
    20.249    34.289    45.169   -39.072    -0.073    -2.414     2.871     1.957     3.833     3.556     3.103    -2.371     0.697 38
    26.138   -22.142    36.764    56.005     2.634     5.255    -0.427     2.134     2.000     1.500     1.457     2.677     0.349 39
    21.968    -1.410    25.643   -15.011     4.621     5.651     4.194     5.828     1.722     3.056     0.780    -0.707     0.238 40
    29.688    31.619    66.121  -116.491     0.207    -1.397     1.635     0.957     3.722     2.833    -1.164     2.030     1.006 41
    14.500   -17.219    53.569    72.135     6.358     6.005     6.108     6.181     2.056     5.667     1.957    -2.341     0.896 42
    31.821   -78.041    32.023    69.374     4.798     2.634     2.987     3.207     3.056     1.556     4.884     0.366     0.290 43
    33.626   -36.018    16.557    61.958     4.018     3.268     2.237     3.268     4.056     1.778    -3.651     1.060     0.229 44
    17.461    -3.287    35.066    15.590     3.841     1.780     0.750    -0.323     2.000     3.000     3.030     0.146     0.215 45
    33.404    16.056    10.423    -8.605     4.944     6.005     0.177     3.487     3.722     1.944    -0.707     3.811     0.467 46
    41.666   -26.415    29.896    25.938     1.030     3.237     0.073     1.103     2.111     3.500     4.401    -1.030     0.197 47
    17.469   -50.330    54.032    22.672     2.987     4.341    -2.811    -2.030     2.111     1.500    -1.677     1.427     0.932 48
    14.128   -10.622    15.517    12.890     5.328     2.250     4.474     4.268     3.111     1.556     0.427     2.280     0.251 49
    26.648   -22.412    27.494    44.602     4.944     4.268     4.091     5.048     2.056     1.667     2.591     0.000     0.140 50
    36.884   -69.966    27.113    69.032     0.854     0.103    -2.207    -0.677     3.056     3.778     2.914    -2.371     0.448 51
    34.060   -52.011    16.451    13.533    -0.737     2.987    -0.560     1.957     1.944     2.500     7.462    -1.207     0.571 52
    24.528    23.939    24.118    -5.308     5.401     5.048     3.562     4.444     2.222     3.000    -1.957    -1.573     0.224 53
    18.031   -13.634    18.165     8.072     6.181     4.694     4.518     4.944     2.333     3.222     0.146     7.669     0.418 54
    51.437    -3.241    24.389    -8.294     1.457     4.901     0.323     5.474     3.944     1.889    -1.280    -0.530     0.360 55
    50.319   -27.370    15.670    45.374     0.573     3.414     1.207     4.194     4.167     4.000     0.073     2.164     0.415 56
    20.428    11.339    55.404   -16.458     4.518     4.018     4.694     5.328     2.222     2.722    -0.677    -1.944     0.332 57
    33.076   -28.358    11.908     8.193     4.931     2.884     4.328     2.914     2.278     3.722    -2.573    -2.268     0.357 58
    47.369   -26.479    29.213    32.000     5.931     5.401     6.108     5.048     2.000     2.722     0.927     2.280     0.435 59
    23.733   -59.754    47.947    12.960    -2.061     1.603    -2.768     1.707     3.611     4.111     1.884     0.146     0.607 60
    15.903    -9.146    33.210     6.439     1.987     0.780    -3.134    -1.530     3.667     2.167    -2.444     6.798     0.557 61
    27.835    27.183    34.740   -30.716     4.871     0.896     1.677    -2.914     3.222     2.278     0.707    -3.755     0.722 62
    18.610    -7.919    18.968     2.976     2.780     4.518     2.603     0.000     2.111     1.389     6.535     4.780     0.683 63
    28.058   -69.502    27.244    58.496     0.323    -1.518    -1.384     0.793     5.444     4.167     1.427     3.591     0.809 64
    44.549    15.622    54.640   -16.107     2.353     4.621     0.823     4.444     3.389     1.500    -0.780     5.681     0.675 65
    21.092   -12.196    42.610    12.423     5.931     2.768     3.974     4.194     3.778     2.278     2.987     3.871     0.303 66
    29.832     3.114    41.554   -26.910     2.561     3.268    -1.457    -0.397     2.500     2.667    -3.298     0.677     0.319 67
    39.920   -32.765    34.695    18.430     2.030     5.931     1.500     5.931     3.611     2.944     7.846    -1.134     0.407 68
    32.363    -9.416    13.344    12.868     5.121     4.268     1.384     4.164     3.000     2.000     2.268     0.073     0.308 69
    24.768   -36.031    32.130    32.894     2.634     4.768     2.177     1.280     2.167     1.556     5.164    -2.768     0.510 70
    39.925    27.001    16.090    -4.102     0.793     0.323     3.591     1.780     2.944     2.222     2.603     1.603     0.436 71
    15.424    14.991    29.684   -33.014     5.328     6.181     4.444     6.358     2.500     1.611    -0.103     0.177     0.470 72
    18.851   -20.811    28.633    30.536     4.268     5.048     4.798     4.121     1.111     2.222     0.854     0.427     0.316 73
    52.220    25.302    22.083    -6.594     3.487     5.401     3.664     5.078     1.667     1.167     4.164     2.457     0.418 74
    25.943     0.309    39.993    -0.193     0.397     2.457     2.207     1.780     4.167     2.500    -5.474     0.750     0.359 75
    36.129    18.083    30.170   -13.481     2.457     4.694    -0.264     2.664     2.500     3.611     3.502    -0.616     0.233 76
    40.643    69.376    40.332   -62.755     2.987     3.341     4.121     4.444     2.778     3.722     0.750     1.060     0.382 77
    23.894     8.529    26.317    -9.005     4.768     1.634     6.005     2.634     2.389     2.278     0.263     2.518     0.267 78
    18.726    -1.024    43.170     0.877     4.194     2.884     5.578     4.194     4.500         *    -2.194         *     0.569 79
    22.385   -24.669    15.747    65.254     3.311     4.298     0.677     3.268     3.056     2.000    -1.237    -2.768     0.362 80
    36.460    48.652    25.714    -7.353     5.298     3.737     4.768     0.720     2.333     1.722    -6.169     0.013     0.662 81
    30.073    11.612     9.085    -9.192     3.061     2.353     1.853     3.018     3.500     2.722    -0.073     1.237     0.215 82
    35.219    36.026    12.000   -53.830     4.694     4.694     1.853     4.621     1.389     2.500     3.341    -0.634     0.413 83
    33.798    20.174    14.574    -9.290     4.518     4.768     4.444     5.298     3.000     1.000     0.366     1.560     0.292 84
    58.807    10.743    49.850   -32.584     1.310     3.341     3.164     5.224     3.500     4.056    -0.604    -4.944     0.649 85
    37.730     8.491    18.867   -27.251     1.780     1.177    -0.280     1.530     2.611     3.500    -1.194     0.543     0.161 86
    30.571   -52.864    24.980    48.811     3.914     3.341     3.341     4.651     1.500     1.889     8.225    -1.414     0.386 87
    24.849    -7.559    32.795    64.037     5.224     3.518     4.871     3.694     1.000     1.389     1.103     4.048     0.398 88
    34.414    15.268    28.801    -1.556     2.914     5.828     3.591     5.769     2.000     1.722    -2.298     3.561     0.257 89
    54.398     5.500    27.343   -36.657     3.694     3.737     3.341     4.341     2.778     5.222    -3.091    -3.182     0.668 90
    24.152   -24.181    19.563    15.302     3.091     0.000     4.121     1.707     1.611     1.389     3.164    -0.177     0.426 91
    36.326    18.012    20.403   -13.249     0.030    -0.677     1.957     2.737     4.556     3.000    -2.414     3.957     0.338 92
    57.459    10.383    32.269    -4.931     3.768     4.341     3.371     3.914     2.056     1.056     1.573    -0.604     0.346 93
    56.901   -69.554    16.860    75.425     3.944     3.798     1.384     3.194     1.278     2.167     3.970     0.250     0.585 94
    27.065    -9.572    31.737    27.010     5.474     5.121     5.298     5.121     2.722     1.667     0.750     1.207     0.142 95
    21.920    54.143    40.625   -52.508         *         *         *         *     2.778     4.389     0.866    -0.427     0.232 96
    20.840     5.012    22.764    -0.982     5.401     1.884     5.121     1.353     2.667     1.944    -0.207     1.177     0.259 97
    30.388    80.417    12.755   -30.787     5.224     4.944         *     4.371     1.889     2.000     0.634     0.677     0.530 98
    29.949    51.804    33.676   -18.028     1.207    -0.073         *         *     2.667     4.556     0.146    -7.742     0.744 99
