     2.222     2.333    24.540   -37.265    13.000    11.000    12.000    10.000    10.875     6.625     0.108  1
     2.778     4.611    20.819    -8.641    13.000    11.000    14.000    10.000    10.000     8.125     0.126  2
     3.278     4.500     8.776    -4.989    22.000    17.000    47.000    20.000    11.250     7.125     0.951  3
     1.500     2.333   -81.685    43.441    10.000    19.000    13.000    13.333     4.875     1.750     0.724  4
     4.500     4.500     3.282    -8.149    24.000    10.000    22.000    18.889    10.375    10.375     0.384  5
     4.167     5.111    20.162   -76.526    20.000    17.000    30.000    13.000    15.875     7.750     0.469  6
     2.556     3.889    23.752   -23.418    14.000    13.000    13.000    20.000     8.875     7.750     0.172  7
     2.556     2.500   -21.598    15.250    11.000    13.000    22.000    15.000     6.625     9.125     0.303  8
     1.722     3.500    -4.106    -2.107    14.000    10.000    23.000    10.000    14.625     0.750     0.329  9
     1.167     2.722    15.812   -92.982    12.000    10.000    12.000    10.000     7.750     1.500     0.654 10
     1.667     4.000     4.355     7.426    12.000    10.000    12.000    10.000    11.500     2.375     0.113 11
     2.556     3.111    15.214   -25.525    10.000    14.000    11.000    13.000     7.500     3.750     0.123 12
     2.833     3.278   -37.010    41.979    34.000    23.000    38.000    23.000     9.250     4.875     0.916 13
     2.889     2.500     4.204   -87.556    29.000    20.000    24.000    17.000    17.875     3.750     0.887 14
     3.611     3.389     2.881   -18.784    16.000    12.000    22.000    12.000    10.250     9.000     0.123 15
     2.889     2.833   -35.737    64.528    13.000    12.000    10.000    10.000    13.750    11.500     0.301 16
     4.111     2.889   -38.822    20.055    22.000    15.000    25.000    22.000    13.500     5.125     0.358 17
     2.333     5.000    -9.478     7.790    17.000    12.222    19.000    15.000    15.375     5.500     0.179 18
     1.944     3.333    24.280   -32.512    11.000    26.000    10.000    21.000     7.500     8.875     0.603 19
     4.222     4.167    28.292   -12.498    13.000    14.000    11.000    27.000     8.375    10.750     0.415 20
     2.444     3.222   -12.701    -2.015    17.000    11.000    22.000    13.000     8.125     7.750     0.119 21
     2.333     2.588    29.335   -26.810    10.000    12.000    11.111    10.000     6.500     1.750     0.180 22
     1.389     3.778    43.019   -25.910    10.000    11.000    10.000    10.000     5.375     4.625     0.217 23
     1.667     3.389   -23.630    28.790    14.000    12.000    21.000    12.000    10.625     5.500     0.101 24
     1.222     5.556     2.165    -7.127    26.000    10.000    29.000    10.000    14.250     0.750     0.678 25
     1.944     5.833    -6.409     6.146    13.000    10.000    29.000    19.000    10.375     7.000     0.520 26
     2.722     5.333    12.973   -51.611    10.000    10.000    12.000    10.000    12.000    10.500     0.571 27
     1.833     2.556    33.041   -57.846    14.000    11.000    20.000    13.000     8.125     1.750     0.232 28
     4.471     4.722   -15.689     5.588    24.000    10.000    10.000    10.000    12.250    11.875     0.696 29
     4.000     2.944   -35.693    31.863    10.000    14.000    10.000    13.000     4.500     4.875     0.299 30
     2.667     4.000     4.095     0.459    21.000    11.000    11.000    10.000    13.125    15.500     0.702 31
     3.833     5.722   -17.857    79.366    15.000    16.000    25.000    25.000    12.875    11.375     0.541 32
     3.000     3.944    38.636   -65.921    16.000    10.000    14.000    12.000     4.500     4.250     0.350 33
     1.167     3.611    29.363   -28.852    14.000    10.000    12.000    10.000     8.875     3.875     0.155 34
     5.412     4.444    -4.740     3.839    15.000    15.000    28.000    25.000    12.250    11.750     0.485 35
     4.833     3.056    43.001    -9.809    13.000    15.000    17.000    25.000    15.000    12.750     0.532 36
     2.667     1.444    57.968    -9.494    17.000    11.000    16.000    16.000     3.625     7.875     0.423 37
     4.833     4.500    34.289   -39.072    10.000    16.000    11.111    10.000    10.750     6.250     0.576 38
     1.444     2.722   -22.142    56.005    18.000    12.000    22.000    11.000     5.625    12.125     0.581 39
     3.444     1.889    -1.410   -15.011    16.000    13.000    13.000    15.000     7.250     0.750     0.463 40
     3.833     5.294    31.619  -116.491    39.000    26.000    30.000    22.000    12.750     7.250     1.039 41
     3.611     2.611   -17.219    72.135    10.000    10.000    16.000    11.000     3.375     7.625     0.322 42
     3.944     3.944   -78.041    69.374    19.000    16.000    36.000    22.000    13.500    11.250     0.749 43
     1.000     2.944   -36.018    61.958    11.000    10.000    14.000    12.000     3.500     1.125     0.381 44
     5.389     2.389    -3.287    15.590    23.000    12.000    20.000    24.000     6.125     9.500     0.562 45
     3.000     5.556    16.056    -8.605    22.000    14.000    27.000    21.000     9.375     9.500     0.318 46
     2.000     4.167   -26.415    25.938    16.000    10.000    22.000    13.000     5.875     8.000     0.200 47
     3.000     4.222   -50.330    22.672    31.000    13.000    33.000    10.000     8.375     1.000     0.570 48
     1.278     4.889   -10.622    12.890    11.000    11.000    14.000    10.000    12.750     1.500     0.239 49
     1.944     2.167   -22.412    44.602    15.000    12.000    17.000    11.000     5.000     3.250     0.154 50
     4.667     3.833   -69.966    69.032    20.000    15.000    25.000    19.000    16.875    10.375     0.318 51
     3.444     2.944   -52.011    13.533    21.000    17.000    25.000    20.000     8.000     4.750     0.309 52
     2.222     1.778    23.939    -5.308    10.000    10.000    14.444    13.000    12.500     9.000     0.374 53
     4.500     2.389   -13.634     8.072    17.000    11.000    22.000    11.000     9.125     9.750     0.282 54
     2.889     4.000    -3.241    -8.294    18.000    12.222    22.000    13.000     5.750     2.375     0.174 55
     4.056     4.889   -27.370    45.374    28.000    13.000    26.000    10.000    18.000     3.750     0.875 56
     2.389     2.000    11.339   -16.458    12.000    25.000    10.000    14.444     2.125     4.125     0.706 57
     4.500     3.889   -28.358     8.193    14.000    11.000    10.000    10.000     9.750     3.375     0.293 58
     2.500     1.222   -26.479    32.000    11.000    10.000    11.000    10.000     2.625     5.375     0.427 59
     4.833     5.389   -59.754    12.960    25.000    10.000    26.000    10.000     7.375     1.375     0.815 60
     6.000     4.111    -9.146     6.439    13.000    18.000    10.000    30.000    12.000    14.625     0.910 61
     2.944     5.111    27.183   -30.716    12.000    20.000    24.000    23.000    17.875    12.000     0.681 62
     2.222     2.778    -7.919     2.976    25.000    31.000    19.000    23.000    13.875    15.250     1.064 63
     1.889     6.000   -69.502    58.496    16.000    15.000    27.000    10.000    12.125     8.875     0.757 64
     2.000     4.778    15.622   -16.107    18.000    14.000    17.000    14.000    13.375     8.500     0.177 65
     3.944     2.333   -12.196    12.423    23.000    15.000    15.000    13.000     6.750     6.375     0.359 66
     4.111     4.167     3.114   -26.910    19.000    16.000    21.000    25.000     8.750     7.125     0.317 67
     2.222     2.333   -32.765    18.430    16.000    10.000    12.000    10.000    12.375     1.625     0.213 68
     2.778     3.444    -9.416    12.868    13.000    13.000    14.000    24.000     5.250     5.250     0.495 69
     1.833     5.167   -36.031    32.894    22.000    12.000    25.000    14.000    14.375     8.375     0.270 70
     4.333     2.833    27.001    -4.102    13.000    14.000    10.000    11.000     7.750     8.125     0.154 71
     2.667     2.944    14.991   -33.014    10.000    10.000    10.000    10.000     5.625     2.500     0.114 72
     2.944     1.889   -20.811    30.536    13.000    12.000    10.000    10.000     3.875     5.750     0.204 73
     1.500     2.333    25.302    -6.594    21.000    14.000    13.000    17.000    12.625     8.875     0.571 74
     3.444     3.944     0.309    -0.193    19.000    13.000    20.000    14.000    10.250     6.000     0.118 75
     4.056     5.556    18.083   -13.481    15.000    17.000    20.000    16.000    16.911    15.625     0.564 76
     2.778     5.278    69.376   -62.755    18.000    12.000    19.000    10.000     5.500     6.500     0.505 77
     5.000     4.000     8.529    -9.005    17.000    13.000    19.000    10.000    14.000     8.875     0.222 78
         *     5.556    -1.024     0.877    18.000    11.000    14.000    15.000    12.250         *     0.313 79
     3.111     3.722   -24.669    65.254    11.000    10.000    13.000    10.000    11.625     7.125     0.174 80
     1.944     2.944    48.652    -7.353    10.000    20.000    10.000    24.000     8.750     9.625     0.530 81
     5.111     3.611    11.612    -9.192    14.000    10.000    18.000    10.000    15.125    11.250     0.429 82
     1.000     1.722    36.026   -53.830    12.000    11.000    11.000    10.000     5.750     4.000     0.294 83
     2.333     2.444    20.174    -9.290    13.000    11.000    11.000    10.000    11.125     1.750     0.170 84
     4.000     2.556    10.743   -32.584    12.000    13.000    11.000    11.000     5.250    15.250     0.640 85
     4.500     3.278     8.491   -27.251    18.000    19.000    25.000    12.000     8.750    12.750     0.493 86
     1.833     3.389   -52.864    48.811    12.000    11.000    10.000    10.000    15.875     4.000     0.478 87
     1.889     1.222    -7.559    64.037    11.000    10.000    10.000    11.000     9.500     5.000     0.386 88
     1.389     2.611    15.268    -1.556    14.000    11.000    11.000    10.000     9.500     8.000     0.182 89
     4.056     2.500     5.500   -36.657    12.000    18.000    11.000    15.000     7.875    12.875     0.378 90
     1.167     3.833   -24.181    15.302    10.000    12.000    12.000    10.000     3.000     1.375     0.398 91
     3.667     5.056    18.012   -13.249    17.000    21.000    13.000    11.000     6.875     7.750     0.520 92
     1.444     3.167    10.383    -4.931    13.000    15.000    19.000    12.000    12.125     2.500     0.228 93
     2.722     2.722   -69.554    75.425    16.000    16.000    20.000    15.000    11.875     5.375     0.342 94
     2.444     3.500    -9.572    27.010    11.000    10.000    10.000    10.000     9.125     3.250     0.081 95
     1.556     5.778    54.143   -52.508    19.000    22.000    29.000    24.000    10.375     4.375     0.675 96
     1.667     3.278     5.012    -0.982    10.000    10.000    10.000    10.000     7.125     4.125     0.091 97
     2.167     2.222    80.417   -30.787    12.000    11.000         *    10.000     1.375     3.750     0.714 98
     5.833     2.889    51.804   -18.028    13.000    10.000    18.000    14.000     4.875    12.000     0.566 99
